band=13_30
energy=35.9387505410
energy_controllers=33.6887878477
energy_noncontrollers=2.2499626933
inversion_err=1.4956e-10
recon_err=2.5194e-09
